default : 83.13347864151001
async_native : 82.64199233055115
multi_session : 1.5758256912231445
one_session_check : 1.1653807163238525
